0.0 2120780.0 1520000.0 0.8
0.1 2120780.0 1520000.0 0.8
0.2 2120780.0 1520000.0 0.8
0.3 2120780.0 1520000.0 0.8
0.4 2120780.0 1520000.0 0.8
0.5 2120780.0 1520000.0 0.8
0.6 2120780.0 1520000.0 0.8
0.7 2120780.0 1520000.0 0.8
0.8 2120780.0 1520000.0 0.8
0.9 2120780.0 1520000.0 0.8
1.0 2120780.0 1520000.0 0.8
1.1 2120780.0 1520000.0 0.8
1.2 2120780.0 1520000.0 0.8
1.3 2120780.0 1520000.0 0.8
1.4 2120780.0 1520000.0 0.8
1.5 2120780.0 1520000.0 0.8
1.6 2120780.0 1520000.0 0.8
1.7 2120780.0 1520000.0 0.8
1.8 2120780.0 1520000.0 0.8
1.9 2120780.0 1520000.0 0.8
2.0 2120780.0 1520000.0 0.8
2.1 2120780.0 1520000.0 0.8
2.2 2120780.0 1520000.0 0.8
2.3 2120780.0 1520000.0 0.8
2.4 2120780.0 1520000.0 0.8
2.5 2120780.0 1520000.0 0.8
2.6 2120780.0 1520000.0 0.8
2.7 2120780.0 1520000.0 0.8
2.8 2120780.0 1520000.0 0.8
2.9 2120780.0 1520000.0 0.8
3.0 2120780.0 1520000.0 0.8
3.1 2120780.0 1520000.0 0.8
3.2 2120780.0 1520000.0 0.8
3.3 2120780.0 1520000.0 0.8
3.4 2120780.0 1520000.0 0.8
3.5 2120780.0 1520000.0 0.8
3.6 2120780.0 1520000.0 0.8
3.7 2120780.0 1520000.0 0.8
3.8 2120780.0 1520000.0 0.8
3.9 2120780.0 1520000.0 0.8
4.0 2120780.0 1520000.0 0.8
4.1 2120780.0 1520000.0 0.8
4.2 2120780.0 1520000.0 0.8
4.3 2120780.0 1520000.0 0.8
4.4 2120780.0 1520000.0 0.8
4.5 2120780.0 1520000.0 0.8
4.6 2120780.0 1520000.0 0.8
4.7 2120780.0 1520000.0 0.8
4.8 2120780.0 1520000.0 0.8
4.9 2120780.0 1520000.0 0.8
5.0 2120780.0 1520000.0 0.8
5.1 2120780.0 1520000.0 0.8
5.2 2120780.0 1520000.0 0.8
5.3 2120780.0 1520000.0 0.8
5.4 2120780.0 1520000.0 0.8
5.5 2120780.0 1520000.0 0.8
5.6 2120780.0 1520000.0 0.8
5.7 2120780.0 1520000.0 0.8
5.8 2120780.0 1520000.0 0.8
5.9 2120780.0 1520000.0 0.8
6.0 2120780.0 1520000.0 0.8
6.1 2120780.0 1520000.0 0.8
6.2 2120780.0 1520000.0 0.8
6.3 2120780.0 1520000.0 0.8
6.4 2120780.0 1520000.0 0.8
6.5 2120780.0 1520000.0 0.8
6.6 2120780.0 1520000.0 0.8
6.7 2120780.0 1520000.0 0.8
6.8 2120780.0 1520000.0 0.8
6.9 2120780.0 1520000.0 0.8
7.0 2120780.0 1520000.0 0.8
7.1 2120780.0 1520000.0 0.8
7.2 2120780.0 1520000.0 0.8
7.3 2120780.0 1520000.0 0.8
7.4 2120780.0 1520000.0 0.8
7.5 2120780.0 1520000.0 0.8
7.6 2120780.0 1520000.0 0.8
7.7 2120780.0 1520000.0 0.8
7.8 2120780.0 1520000.0 0.8
7.9 2120780.0 1520000.0 0.8
8.0 2120780.0 1520000.0 0.8
8.1 2120780.0 1520000.0 0.8
8.2 2120780.0 1520000.0 0.8
8.3 2120780.0 1520000.0 0.8
8.4 2120780.0 1520000.0 0.8
8.5 2120780.0 1520000.0 0.8
8.6 2120780.0 1520000.0 0.8
8.7 2120780.0 1520000.0 0.8
8.8 2120780.0 1520000.0 0.8
8.9 2120780.0 1520000.0 0.8
9.0 2120780.0 1520000.0 0.8
9.1 2120780.0 1520000.0 0.8
9.2 2120780.0 1520000.0 0.8
9.3 2120780.0 1520000.0 0.8
9.4 2120780.0 1520000.0 0.8
9.5 2120780.0 1520000.0 0.8
9.6 2120780.0 1520000.0 0.8
9.7 2120780.0 1520000.0 0.8
9.8 2120780.0 1520000.0 0.8
9.9 2120780.0 1520000.0 0.8
10.0 2120780.0 1520000.0 0.8
10.1 2120780.0 1520000.0 0.8
10.2 2120780.0 1520000.0 0.8
10.3 2120780.0 1520000.0 0.8
10.4 2120780.0 1520000.0 0.8
10.5 2120780.0 1520000.0 0.8
10.6 2120780.0 1520000.0 0.8
10.7 2120780.0 1520000.0 0.8
10.8 2120780.0 1520000.0 0.8
10.9 2120780.0 1520000.0 0.8
11.0 2120780.0 1520000.0 0.8
11.1 2120780.0 1520000.0 0.8
11.2 2120780.0 1520000.0 0.8
11.3 2120780.0 1520000.0 0.8
11.4 2120780.0 1520000.0 0.8
11.5 2120780.0 1520000.0 0.8
11.6 2120780.0 1520000.0 0.8
11.7 2120780.0 1520000.0 0.8
11.8 2120780.0 1520000.0 0.8
11.9 2120780.0 1520000.0 0.8
12.0 2120780.0 1520000.0 0.8
12.1 2120780.0 1520000.0 0.8
12.2 2120780.0 1520000.0 0.8
12.3 2120780.0 1520000.0 0.8
12.4 2120780.0 1520000.0 0.8
12.5 2120780.0 1520000.0 0.8
12.6 2120780.0 1520000.0 0.8
12.7 2120780.0 1520000.0 0.8
12.8 2120780.0 1520000.0 0.8
12.9 2120780.0 1520000.0 0.8
13.0 2120780.0 1520000.0 0.8
13.1 2120780.0 1520000.0 0.8
13.2 2120780.0 1520000.0 0.8
13.3 2120780.0 1520000.0 0.8
13.4 2120780.0 1520000.0 0.8
13.5 2120780.0 1520000.0 0.8
13.6 2120780.0 1520000.0 0.8
13.7 2120780.0 1520000.0 0.8
13.8 2120780.0 1520000.0 0.8
13.9 2120780.0 1520000.0 0.8
14.0 2120780.0 1520000.0 0.8
14.1 2120780.0 1520000.0 0.8
14.2 2120780.0 1520000.0 0.8
14.3 2120780.0 1520000.0 0.8
14.4 2120780.0 1520000.0 0.8
14.5 2120780.0 1520000.0 0.8
14.6 2120780.0 1520000.0 0.8
14.7 2120780.0 1520000.0 0.8
14.8 2120780.0 1520000.0 0.8
14.9 2120780.0 1520000.0 0.8
15.0 2120780.0 1520000.0 0.8
15.1 2120780.0 1520000.0 0.8
15.2 2120780.0 1520000.0 0.8
15.3 2120780.0 1520000.0 0.8
15.4 2120780.0 1520000.0 0.8
15.5 2120780.0 1520000.0 0.8
15.6 2120780.0 1520000.0 0.8
15.7 2120780.0 1520000.0 0.8
15.8 2120780.0 1520000.0 0.8
15.9 2120780.0 1520000.0 0.8
16.0 2120780.0 1520000.0 0.8
16.1 2120780.0 1520000.0 0.8
16.2 2120780.0 1520000.0 0.8
16.3 2120780.0 1520000.0 0.8
16.4 2120780.0 1520000.0 0.8
16.5 2120780.0 1520000.0 0.8
16.6 2120780.0 1520000.0 0.8
16.7 2120780.0 1520000.0 0.8
16.8 2120780.0 1520000.0 0.8
16.9 2120780.0 1520000.0 0.8
17.0 2120780.0 1520000.0 0.8
17.1 2120780.0 1520000.0 0.8
17.2 2120780.0 1520000.0 0.8
17.3 2120780.0 1520000.0 0.8
17.4 2120780.0 1520000.0 0.8
17.5 2120780.0 1520000.0 0.8
17.6 2120780.0 1520000.0 0.8
17.7 2120780.0 1520000.0 0.8
17.8 2120780.0 1520000.0 0.8
17.9 2120780.0 1520000.0 0.8
18.0 2120780.0 1520000.0 0.8
18.1 2120780.0 1520000.0 0.8
18.2 2120780.0 1520000.0 0.8
18.3 2120780.0 1520000.0 0.8
18.4 2120780.0 1520000.0 0.8
18.5 2120780.0 1520000.0 0.8
18.6 2120780.0 1520000.0 0.8
18.7 2120780.0 1520000.0 0.8
18.8 2120780.0 1520000.0 0.8
18.9 2120780.0 1520000.0 0.8
19.0 2120780.0 1520000.0 0.8
19.1 2120780.0 1520000.0 0.8
19.2 2120780.0 1520000.0 0.8
19.3 2120780.0 1520000.0 0.8
19.4 2120780.0 1520000.0 0.8
19.5 2120780.0 1520000.0 0.8
19.6 2120780.0 1520000.0 0.8
19.7 2120780.0 1520000.0 0.8
19.8 2120780.0 1520000.0 0.8
19.9 2120780.0 1520000.0 0.8
20.0 2120780.0 1520000.0 0.8
20.1 2123445.03321 1515224.81059 0.797486742414
20.2 2126109.96121 1510449.80969 0.794973584047
20.3 2128774.6788 1505675.18582 0.792460624114
20.4 2131439.08076 1500901.12746 0.789947961823
20.5 2134103.06193 1496127.8231 0.787435696369
20.6 2136766.51712 1491355.46117 0.784923926932
20.7 2139429.34119 1486584.23008 0.782412752673
20.8 2142091.42902 1481814.31818 0.779902272728
20.9 2144752.67551 1477045.91379 0.777392586207
21.0 2147412.9756 1472279.20516 0.774883792188
21.1 2150072.22427 1467514.38046 0.772375989714
21.2 2152730.31653 1462751.6278 0.769869277789
21.3 2155387.14744 1457991.13521 0.767363755373
21.4 2158042.61212 1453233.09062 0.76485952138
21.5 2160696.60574 1448477.68188 0.762356674673
21.6 2163349.02352 1443725.09671 0.75985531406
21.7 2165999.76075 1438975.52275 0.75735553829
21.8 2168648.71278 1434229.1475 0.754857446051
21.9 2171295.77504 1429486.15833 0.752361135962
22.0 2173940.84302 1424746.74249 0.749866706574
22.1 2176583.8123 1420011.08709 0.747374256363
22.2 2179224.57854 1415279.37908 0.744883883726
22.3 2181863.03748 1410551.80526 0.742395686979
22.4 2184499.08498 1405828.55227 0.739909764352
22.5 2187132.61695 1401109.80657 0.737426213984
22.6 2189763.52944 1396395.75445 0.734945133922
22.7 2192391.71858 1391686.58202 0.732466622115
22.8 2195017.0806 1386982.47518 0.72999077641
22.9 2197639.51188 1382283.61964 0.727517694549
23.0 2200258.90887 1377590.20091 0.725047474166
23.1 2202875.16817 1372902.40428 0.72258021278
23.2 2205488.1865 1368220.41481 0.720116007794
23.3 2208097.86069 1363544.41733 0.717654956492
23.4 2210704.08772 1358874.59646 0.715197156031
23.5 2213306.7647 1354211.13654 0.712742703441
23.6 2215905.78888 1349554.22168 0.71029169562
23.7 2218501.05766 1344904.03573 0.707844229329
23.8 2221092.46858 1340260.76226 0.705400401191
23.9 2223679.91934 1335624.5846 0.702960307682
24.0 2226263.30778 1330995.68575 0.700524045134
24.1 2228842.53192 1326374.24848 0.698091709727
24.2 2231417.48994 1321760.45522 0.695663397484
24.3 2233988.08018 1317154.48812 0.693239204272
24.4 2236554.20116 1312556.52901 0.690819225793
24.5 2239115.75157 1307966.75941 0.688403557584
24.6 2241672.63029 1303385.36052 0.685992295012
24.7 2244224.73638 1298812.51321 0.683585533269
24.8 2246771.96908 1294248.398 0.681183367369
24.9 2249314.22783 1289693.19508 0.678785892147
25.0 2251851.41227 1285147.08428 0.67639320225
25.1 2254383.42223 1280610.24506 0.674005392138
25.2 2256910.15776 1276082.85655 0.671622556077
25.3 2259431.51911 1271565.09746 0.669244788138
25.4 2261947.40673 1267057.14616 0.666872182191
25.5 2264457.7213 1262559.18061 0.664504831902
25.6 2266962.36372 1258071.37839 0.66214283073
25.7 2269461.23512 1253593.91665 0.659786271923
25.8 2271954.23683 1249126.97218 0.657435248515
25.9 2274441.27044 1244670.7213 0.655089853318
26.0 2276922.23777 1240225.33996 0.652750178926
26.1 2279397.04087 1235791.00364 0.650416317705
26.2 2281865.58204 1231367.8874 0.648088361791
26.3 2284327.76383 1226956.16587 0.645766403089
26.4 2286783.48903 1222556.0132 0.643450533265
26.5 2289232.6607 1218167.60312 0.641140843746
26.6 2291675.18215 1213791.10886 0.638837425715
26.7 2294110.95694 1209426.7032 0.636540370105
26.8 2296539.88893 1205074.55845 0.634249767603
26.9 2298961.88222 1200734.84641 0.631965708635
27.0 2301376.84119 1196407.73841 0.629688283374
27.1 2303784.67051 1192093.40528 0.627417581728
27.2 2306185.27512 1187792.01735 0.62515369334
27.3 2308578.56024 1183503.74441 0.622896707584
27.4 2310964.4314 1179228.75577 0.620646713564
27.5 2313342.79441 1174967.2202 0.618403800104
27.6 2315713.55536 1170719.30593 0.616168055751
27.7 2318076.62067 1166485.18066 0.613939568769
27.8 2320431.89705 1162265.01155 0.611718427134
27.9 2322779.29151 1158058.96521 0.609504718533
28.0 2325118.71139 1153867.20768 0.607298530359
28.1 2327450.06433 1149689.90445 0.60509994971
28.2 2329773.25828 1145527.22042 0.602909063381
28.3 2332088.20154 1141379.31994 0.600725957864
28.4 2334394.80271 1137246.36676 0.598550719346
28.5 2336692.97074 1133128.52403 0.5963834337
28.6 2338982.61489 1129025.95433 0.594224186487
28.7 2341263.64478 1124938.81961 0.592073062952
28.8 2343535.97035 1120867.28123 0.589930148015
28.9 2345799.50189 1116811.49993 0.587795526277
29.0 2348054.15005 1112771.63582 0.585669282008
29.1 2350299.82582 1108747.84838 0.583551499149
29.2 2352536.44053 1104740.29648 0.581442261306
29.3 2354763.9059 1100749.13832 0.579341651749
29.4 2356982.13399 1096774.53147 0.577249753405
29.5 2359191.03722 1092816.63283 0.575166648859
29.6 2361390.52839 1088875.59866 0.573092420349
29.7 2363580.52066 1084951.58455 0.571027149762
29.8 2365760.92759 1081044.7454 0.568970918631
29.9 2367931.66309 1077155.23545 0.566923808133
30.0 2370092.64147 1073283.20826 0.564885899083
30.1 2372243.77741 1069428.81668 0.562857271936
30.2 2374384.98599 1065592.21288 0.560838006777
30.3 2376516.18268 1061773.54832 0.558828183324
30.4 2378637.28335 1057972.97375 0.556827880922
30.5 2380748.20425 1054190.63922 0.554837178539
30.6 2382848.86205 1050426.69405 0.552856154764
30.7 2384939.17382 1046681.28683 0.550884887805
30.8 2387019.05704 1042954.56542 0.548923455484
30.9 2389088.4296 1039246.67695 0.546971935235
31.0 2391147.2098 1035557.76779 0.545030404101
31.1 2393195.31636 1031887.98359 0.543098938729
31.2 2395232.66844 1028237.46921 0.541177615372
31.3 2397259.18559 1024606.36877 0.53926650988
31.4 2399274.78782 1020994.82563 0.537365697699
31.5 2401279.39555 1017402.98235 0.535475253871
31.6 2403272.92964 1013830.98075 0.533595253026
31.7 2405255.3114 1010278.96183 0.531725769385
31.8 2407226.46256 1006747.06583 0.529866876752
31.9 2409186.30531 1003235.43217 0.528018648511
32.0 2411134.76226 999744.199494 0.526181157629
32.1 2413071.75651 996273.505626 0.524354476645
32.2 2414997.21158 992823.487582 0.522538677675
32.3 2416911.05146 989394.281565 0.520733832403
32.4 2418813.20059 985986.022953 0.51894001208
32.5 2420703.58388 982598.846298 0.517157287525
32.6 2422582.1267 979232.885321 0.515385729116
32.7 2424448.75489 975888.272903 0.513625406791
32.8 2426303.39476 972565.141085 0.511876390045
32.9 2428145.97309 969263.621058 0.510138747925
33.0 2429976.41713 965983.84316 0.508412549031
33.1 2431794.65463 962725.936871 0.506697861511
33.2 2433600.61381 959490.030808 0.504994753057
33.3 2435394.22336 956276.252719 0.503303290905
33.4 2437175.41248 953084.729478 0.50162354183
33.5 2438944.11085 949915.587081 0.499955572148
33.6 2440700.24865 946768.950641 0.498299447706
33.7 2442443.75654 943644.944381 0.496655233885
33.8 2444174.5657 940543.691631 0.495022995595
33.9 2445892.6078 937465.314825 0.493402797276
34.0 2447597.815 934409.93549 0.49179470289
34.1 2449290.12 931377.674249 0.490198775921
34.2 2450969.45598 928368.650809 0.488615079373
34.3 2452635.75665 925382.983962 0.487043675769
34.4 2454288.95622 922420.791576 0.485484627145
34.5 2455928.98943 919482.190594 0.48393799505
34.6 2457555.79153 916567.297028 0.482403840541
34.7 2459169.2983 913676.225951 0.480882224185
34.8 2460769.44603 910809.091498 0.479373206052
34.9 2462356.17157 907966.00686 0.477876845716
35.0 2463929.41227 905147.084275 0.47639320225
35.1 2465489.10601 902352.435031 0.474922334227
35.2 2467035.19123 899582.169455 0.473464299713
35.3 2468567.60688 896836.396913 0.47201915627
35.4 2470086.29248 894115.225802 0.470586960949
35.5 2471591.18806 891418.763551 0.46916777029
35.6 2473082.23422 888747.116611 0.467761640322
35.7 2474559.37209 886100.390454 0.466368626555
35.8 2476022.54335 883478.689568 0.464988783983
35.9 2477471.69025 880882.117453 0.463622167081
36.0 2478906.75557 878310.776618 0.462268829799
36.1 2480327.68266 875764.768575 0.460928825566
36.2 2481734.41542 873244.193836 0.459602207282
36.3 2483126.89832 870749.151909 0.45828902732
36.4 2484505.07638 868279.741293 0.456989337523
36.5 2485868.89521 865836.059477 0.455703189198
36.6 2487218.30094 863418.202933 0.454430633123
36.7 2488553.24032 861026.267115 0.453171719534
36.8 2489873.66065 858660.346451 0.451926498132
36.9 2491179.50978 856320.534344 0.450695018076
37.0 2492470.73618 854006.923167 0.449477327982
37.1 2493747.28887 851719.604255 0.448273475924
37.2 2495009.11744 849458.667909 0.447083509426
37.3 2496256.17209 847224.203387 0.445907475467
37.4 2497488.40358 845016.298902 0.444745420475
37.5 2498705.76327 842835.041617 0.443597390325
37.6 2499908.2031 840680.517645 0.442463430339
37.7 2501095.6756 838552.812043 0.441343585286
37.8 2502268.13388 836452.00881 0.440237899373
37.9 2503425.53167 834378.19088 0.439146416253
38.0 2504567.82327 832331.440126 0.438069179014
38.1 2505694.96358 830311.837349 0.437006230184
38.2 2506806.9081 828319.462279 0.435957611726
38.3 2507903.61295 826354.393573 0.434923365039
38.4 2508985.03481 824416.708808 0.433903530952
38.5 2510051.13101 822506.48448 0.432898149726
38.6 2511101.85945 820623.796002 0.431907261054
38.7 2512137.17865 818768.717699 0.430930904052
38.8 2513157.04774 816941.322806 0.429969117266
38.9 2514161.42646 815141.683466 0.429021938666
39.0 2515150.27515 813369.870725 0.428089405645
39.1 2516123.55478 811625.954532 0.427171555017
39.2 2517081.22692 809910.003733 0.426268423017
39.3 2518023.25376 808222.086071 0.425380045301
39.4 2518949.59813 806562.268183 0.424506456938
39.5 2519860.22344 804930.615595 0.423647692418
39.6 2520755.09374 803327.192721 0.422803785643
39.7 2521634.17372 801752.062863 0.421974769928
39.8 2522497.42865 800205.288204 0.421160678002
39.9 2523344.82447 798686.929807 0.420361542004
40.0 2524176.32773 797197.047616 0.419577393482
40.1 2524991.90558 795735.700447 0.418808263393
40.2 2525791.52584 794302.945993 0.418054182101
40.3 2526575.15694 792898.840815 0.417315179376
40.4 2527342.76794 791523.440347 0.416591284393
40.5 2528094.32854 790176.798886 0.415882525729
40.6 2528829.80907 788858.969595 0.415188931366
40.7 2529549.18049 787570.0045 0.414510528684
40.8 2530252.4144 786309.954487 0.413847344467
40.9 2530939.48304 785078.869301 0.413199404895
41.0 2531610.35929 783876.797542 0.412566735549
41.1 2532265.01666 782703.786668 0.411949361404
41.2 2532903.42931 781559.882985 0.411347306834
41.3 2533525.57202 780445.131654 0.410760595607
41.4 2534131.42025 779359.576682 0.410189250885
41.5 2534720.95008 778303.260927 0.409633295225
41.6 2535294.13822 777276.226088 0.409092750573
41.7 2535850.96206 776278.512713 0.40856763827
41.8 2536391.3996 775310.160188 0.408057979046
41.9 2536915.42952 774371.206743 0.407563793023
42.0 2537423.03112 773461.689446 0.407085099709
42.1 2537914.18437 772581.644204 0.406621918002
42.2 2538388.86988 771731.105758 0.406174266188
42.3 2538847.0689 770910.107687 0.40574216194
42.4 2539288.76335 770118.682402 0.405325622317
42.5 2539713.93579 769356.861148 0.404924663762
42.6 2540122.56944 768624.673999 0.404539302105
42.7 2540514.64816 767922.149862 0.404169552559
42.8 2540890.15648 767249.316471 0.403815429721
42.9 2541249.07956 766606.200387 0.403476947572
43.0 2541591.40325 765992.827001 0.403154119474
43.1 2541917.11402 765409.220527 0.402846958172
43.2 2542226.19902 764855.404005 0.402555475792
43.3 2542518.64605 764331.399298 0.402279683841
43.4 2542794.44356 763837.227094 0.402019593207
43.5 2543053.58066 763372.906902 0.401775214159
43.6 2543296.04712 762938.457051 0.401546556343
43.7 2543521.83337 762533.894694 0.401333628786
43.8 2543730.9305 762159.235802 0.401136439896
43.9 2543923.33025 761814.495165 0.400954997456
44.0 2544099.02502 761499.686395 0.400789308629
44.1 2544258.00789 761214.821917 0.400639379956
44.2 2544400.27257 760959.912979 0.400505217358
44.3 2544525.81344 760734.969645 0.400386826129
44.4 2544634.62556 760540.000793 0.400284210944
44.5 2544726.70462 760375.014122 0.400197375854
44.6 2544802.04699 760240.016145 0.400126324287
44.7 2544860.6497 760135.012191 0.400071059048
44.8 2544902.51043 760060.006405 0.400031582318
44.9 2544927.62752 760015.001749 0.400007895658
45.0 2544936.0 760000.0 0.4
45.1 2544927.62752 760015.001749 0.400007895658
45.2 2544902.51043 760060.006405 0.400031582318
45.3 2544860.6497 760135.012191 0.400071059048
45.4 2544802.04699 760240.016145 0.400126324287
45.5 2544726.70462 760375.014122 0.400197375854
45.6 2544634.62556 760540.000793 0.400284210944
45.7 2544525.81344 760734.969645 0.400386826129
45.8 2544400.27257 760959.912979 0.400505217358
45.9 2544258.00789 761214.821917 0.400639379956
46.0 2544099.02502 761499.686395 0.400789308629
46.1 2543923.33025 761814.495165 0.400954997456
46.2 2543730.9305 762159.235802 0.401136439896
46.3 2543521.83337 762533.894694 0.401333628786
46.4 2543296.04712 762938.457051 0.401546556343
46.5 2543053.58066 763372.906902 0.401775214159
46.6 2542794.44356 763837.227094 0.402019593207
46.7 2542518.64605 764331.399298 0.402279683841
46.8 2542226.19902 764855.404005 0.402555475792
46.9 2541917.11402 765409.220527 0.402846958172
47.0 2541591.40325 765992.827001 0.403154119474
47.1 2541249.07956 766606.200387 0.403476947572
47.2 2540890.15648 767249.316471 0.403815429721
47.3 2540514.64816 767922.149862 0.404169552559
47.4 2540122.56944 768624.673999 0.404539302105
47.5 2539713.93579 769356.861148 0.404924663762
47.6 2539288.76335 770118.682402 0.405325622317
47.7 2538847.0689 770910.107687 0.40574216194
47.8 2538388.86988 771731.105758 0.406174266188
47.9 2537914.18437 772581.644204 0.406621918002
48.0 2537423.03112 773461.689446 0.407085099709
48.1 2536915.42952 774371.206743 0.407563793023
48.2 2536391.3996 775310.160188 0.408057979046
48.3 2535850.96206 776278.512713 0.40856763827
48.4 2535294.13822 777276.226088 0.409092750573
48.5 2534720.95008 778303.260927 0.409633295225
48.6 2534131.42025 779359.576682 0.410189250885
48.7 2533525.57202 780445.131654 0.410760595607
48.8 2532903.42931 781559.882985 0.411347306834
48.9 2532265.01666 782703.786668 0.411949361404
49.0 2531610.35929 783876.797542 0.412566735549
49.1 2530939.48304 785078.869301 0.413199404895
49.2 2530252.4144 786309.954487 0.413847344467
49.3 2529549.18049 787570.0045 0.414510528684
49.4 2528829.80907 788858.969595 0.415188931366
49.5 2528094.32854 790176.798886 0.415882525729
49.6 2527342.76794 791523.440347 0.416591284393
49.7 2526575.15694 792898.840815 0.417315179376
49.8 2525791.52584 794302.945993 0.418054182101
49.9 2524991.90558 795735.700447 0.418808263393
50.0 2524176.32773 797197.047616 0.419577393482
50.1 2523344.82447 798686.929807 0.420361542004
50.2 2522497.42865 800205.288204 0.421160678002
50.3 2521634.17372 801752.062863 0.421974769928
50.4 2520755.09374 803327.192721 0.422803785643
50.5 2519860.22344 804930.615595 0.423647692418
50.6 2518949.59813 806562.268183 0.424506456938
50.7 2518023.25376 808222.086071 0.425380045301
50.8 2517081.22692 809910.003733 0.426268423017
50.9 2516123.55478 811625.954532 0.427171555017
51.0 2515150.27515 813369.870725 0.428089405645
51.1 2514161.42646 815141.683466 0.429021938666
51.2 2513157.04774 816941.322806 0.429969117266
51.3 2512137.17865 818768.717699 0.430930904052
51.4 2511101.85945 820623.796002 0.431907261054
51.5 2510051.13101 822506.48448 0.432898149726
51.6 2508985.03481 824416.708808 0.433903530952
51.7 2507903.61295 826354.393573 0.434923365039
51.8 2506806.9081 828319.462279 0.435957611726
51.9 2505694.96358 830311.837349 0.437006230184
52.0 2504567.82327 832331.440126 0.438069179014
52.1 2503425.53167 834378.19088 0.439146416253
52.2 2502268.13388 836452.00881 0.440237899373
52.3 2501095.6756 838552.812043 0.441343585286
52.4 2499908.2031 840680.517645 0.442463430339
52.5 2498705.76327 842835.041617 0.443597390325
52.6 2497488.40358 845016.298902 0.444745420475
52.7 2496256.17209 847224.203387 0.445907475467
52.8 2495009.11744 849458.667909 0.447083509426
52.9 2493747.28887 851719.604255 0.448273475924
53.0 2492470.73618 854006.923167 0.449477327982
53.1 2491179.50978 856320.534344 0.450695018076
53.2 2489873.66065 858660.346451 0.451926498132
53.3 2488553.24032 861026.267115 0.453171719534
53.4 2487218.30094 863418.202933 0.454430633123
53.5 2485868.89521 865836.059477 0.455703189198
53.6 2484505.07638 868279.741293 0.456989337523
53.7 2483126.89832 870749.151909 0.45828902732
53.8 2481734.41542 873244.193836 0.459602207282
53.9 2480327.68266 875764.768575 0.460928825566
54.0 2478906.75557 878310.776618 0.462268829799
54.1 2477471.69025 880882.117453 0.463622167081
54.2 2476022.54335 883478.689568 0.464988783983
54.3 2474559.37209 886100.390454 0.466368626555
54.4 2473082.23422 888747.116611 0.467761640322
54.5 2471591.18806 891418.763551 0.46916777029
54.6 2470086.29248 894115.225802 0.470586960949
54.7 2468567.60688 896836.396913 0.47201915627
54.8 2467035.19123 899582.169455 0.473464299713
54.9 2465489.10601 902352.435031 0.474922334227
55.0 2463929.41227 905147.084275 0.47639320225
55.1 2462356.17157 907966.00686 0.477876845716
55.2 2460769.44603 910809.091498 0.479373206052
55.3 2459169.2983 913676.225951 0.480882224185
55.4 2457555.79153 916567.297028 0.482403840541
55.5 2455928.98943 919482.190594 0.48393799505
55.6 2454288.95622 922420.791576 0.485484627145
55.7 2452635.75665 925382.983962 0.487043675769
55.8 2450969.45598 928368.650809 0.488615079373
55.9 2449290.12 931377.674249 0.490198775921
56.0 2447597.815 934409.93549 0.49179470289
56.1 2445892.6078 937465.314825 0.493402797276
56.2 2444174.5657 940543.691631 0.495022995595
56.3 2442443.75654 943644.944381 0.496655233885
56.4 2440700.24865 946768.950641 0.498299447706
56.5 2438944.11085 949915.587081 0.499955572148
56.6 2437175.41248 953084.729478 0.50162354183
56.7 2435394.22336 956276.252719 0.503303290905
56.8 2433600.61381 959490.030808 0.504994753057
56.9 2431794.65463 962725.936871 0.506697861511
57.0 2429976.41713 965983.84316 0.508412549031
57.1 2428145.97309 969263.621058 0.510138747925
57.2 2426303.39476 972565.141085 0.511876390045
57.3 2424448.75489 975888.272903 0.513625406791
57.4 2422582.1267 979232.885321 0.515385729116
57.5 2420703.58388 982598.846298 0.517157287525
57.6 2418813.20059 985986.022953 0.51894001208
57.7 2416911.05146 989394.281565 0.520733832403
57.8 2414997.21158 992823.487582 0.522538677675
57.9 2413071.75651 996273.505626 0.524354476645
58.0 2411134.76226 999744.199494 0.526181157629
58.1 2409186.30531 1003235.43217 0.528018648511
58.2 2407226.46256 1006747.06583 0.529866876752
58.3 2405255.3114 1010278.96183 0.531725769385
58.4 2403272.92964 1013830.98075 0.533595253026
58.5 2401279.39555 1017402.98235 0.535475253871
58.6 2399274.78782 1020994.82563 0.537365697699
58.7 2397259.18559 1024606.36877 0.53926650988
58.8 2395232.66844 1028237.46921 0.541177615372
58.9 2393195.31636 1031887.98359 0.543098938729
59.0 2391147.2098 1035557.76779 0.545030404101
59.1 2389088.4296 1039246.67695 0.546971935235
59.2 2387019.05704 1042954.56542 0.548923455484
59.3 2384939.17382 1046681.28683 0.550884887805
59.4 2382848.86205 1050426.69405 0.552856154764
59.5 2380748.20425 1054190.63922 0.554837178539
59.6 2378637.28335 1057972.97375 0.556827880922
59.7 2376516.18268 1061773.54832 0.558828183324
59.8 2374384.98599 1065592.21288 0.560838006777
59.9 2372243.77741 1069428.81668 0.562857271936
60.0 2370092.64147 1073283.20826 0.564885899083
60.1 2367931.66309 1077155.23545 0.566923808133
60.2 2365760.92759 1081044.7454 0.568970918631
60.3 2363580.52066 1084951.58455 0.571027149762
60.4 2361390.52839 1088875.59866 0.573092420349
60.5 2359191.03722 1092816.63283 0.575166648859
60.6 2356982.13399 1096774.53147 0.577249753405
60.7 2354763.9059 1100749.13832 0.579341651749
60.8 2352536.44053 1104740.29648 0.581442261306
60.9 2350299.82582 1108747.84838 0.583551499149
61.0 2348054.15005 1112771.63582 0.585669282008
61.1 2345799.50189 1116811.49993 0.587795526277
61.2 2343535.97035 1120867.28123 0.589930148015
61.3 2341263.64478 1124938.81961 0.592073062952
61.4 2338982.61489 1129025.95433 0.594224186487
61.5 2336692.97074 1133128.52403 0.5963834337
61.6 2334394.80271 1137246.36676 0.598550719346
61.7 2332088.20154 1141379.31994 0.600725957864
61.8 2329773.25828 1145527.22042 0.602909063381
61.9 2327450.06433 1149689.90445 0.60509994971
62.0 2325118.71139 1153867.20768 0.607298530359
62.1 2322779.29151 1158058.96521 0.609504718533
62.2 2320431.89705 1162265.01155 0.611718427134
62.3 2318076.62067 1166485.18066 0.613939568769
62.4 2315713.55536 1170719.30593 0.616168055751
62.5 2313342.79441 1174967.2202 0.618403800104
62.6 2310964.4314 1179228.75577 0.620646713564
62.7 2308578.56024 1183503.74441 0.622896707584
62.8 2306185.27512 1187792.01735 0.62515369334
62.9 2303784.67051 1192093.40528 0.627417581728
63.0 2301376.84119 1196407.73841 0.629688283374
63.1 2298961.88222 1200734.84641 0.631965708635
63.2 2296539.88893 1205074.55845 0.634249767603
63.3 2294110.95694 1209426.7032 0.636540370105
63.4 2291675.18215 1213791.10886 0.638837425715
63.5 2289232.6607 1218167.60312 0.641140843746
63.6 2286783.48903 1222556.0132 0.643450533265
63.7 2284327.76383 1226956.16587 0.645766403089
63.8 2281865.58204 1231367.8874 0.648088361791
63.9 2279397.04087 1235791.00364 0.650416317705
64.0 2276922.23777 1240225.33996 0.652750178926
64.1 2274441.27044 1244670.7213 0.655089853318
64.2 2271954.23683 1249126.97218 0.657435248515
64.3 2269461.23512 1253593.91665 0.659786271923
64.4 2266962.36372 1258071.37839 0.66214283073
64.5 2264457.7213 1262559.18061 0.664504831902
64.6 2261947.40673 1267057.14616 0.666872182191
64.7 2259431.51911 1271565.09746 0.669244788138
64.8 2256910.15776 1276082.85655 0.671622556077
64.9 2254383.42223 1280610.24506 0.674005392138
65.0 2251851.41227 1285147.08428 0.67639320225
65.1 2249314.22783 1289693.19508 0.678785892147
65.2 2246771.96908 1294248.398 0.681183367369
65.3 2244224.73638 1298812.51321 0.683585533269
65.4 2241672.63029 1303385.36052 0.685992295012
65.5 2239115.75157 1307966.75941 0.688403557584
65.6 2236554.20116 1312556.52901 0.690819225793
65.7 2233988.08018 1317154.48812 0.693239204272
65.8 2231417.48994 1321760.45522 0.695663397484
65.9 2228842.53192 1326374.24848 0.698091709727
66.0 2226263.30778 1330995.68575 0.700524045134
66.1 2223679.91934 1335624.5846 0.702960307682
66.2 2221092.46858 1340260.76226 0.705400401191
66.3 2218501.05766 1344904.03573 0.707844229329
66.4 2215905.78888 1349554.22168 0.71029169562
66.5 2213306.7647 1354211.13654 0.712742703441
66.6 2210704.08772 1358874.59646 0.715197156031
66.7 2208097.86069 1363544.41733 0.717654956492
66.8 2205488.1865 1368220.41481 0.720116007794
66.9 2202875.16817 1372902.40428 0.72258021278
67.0 2200258.90887 1377590.20091 0.725047474166
67.1 2197639.51188 1382283.61964 0.727517694549
67.2 2195017.0806 1386982.47518 0.72999077641
67.3 2192391.71858 1391686.58202 0.732466622115
67.4 2189763.52944 1396395.75445 0.734945133922
67.5 2187132.61695 1401109.80657 0.737426213984
67.6 2184499.08498 1405828.55227 0.739909764352
67.7 2181863.03748 1410551.80526 0.742395686979
67.8 2179224.57854 1415279.37908 0.744883883726
67.9 2176583.8123 1420011.08709 0.747374256363
68.0 2173940.84302 1424746.74249 0.749866706574
68.1 2171295.77504 1429486.15833 0.752361135962
68.2 2168648.71278 1434229.1475 0.754857446051
68.3 2165999.76075 1438975.52275 0.75735553829
68.4 2163349.02352 1443725.09671 0.75985531406
68.5 2160696.60574 1448477.68188 0.762356674673
68.6 2158042.61212 1453233.09062 0.76485952138
68.7 2155387.14744 1457991.13521 0.767363755373
68.8 2152730.31653 1462751.6278 0.769869277789
68.9 2150072.22427 1467514.38046 0.772375989714
69.0 2147412.9756 1472279.20516 0.774883792188
69.1 2144752.67551 1477045.91379 0.777392586207
69.2 2142091.42902 1481814.31818 0.779902272728
69.3 2139429.34119 1486584.23008 0.782412752673
69.4 2136766.51712 1491355.46117 0.784923926932
69.5 2134103.06193 1496127.8231 0.787435696369
69.6 2131439.08076 1500901.12746 0.789947961823
69.7 2128774.6788 1505675.18582 0.792460624114
69.8 2126109.96121 1510449.80969 0.794973584047
69.9 2123445.03321 1515224.81059 0.797486742414
70.0 2120780.0 1520000.0 0.8
70.1 2118114.96679 1524775.18941 0.802513257586
70.2 2115450.03879 1529550.19031 0.805026415953
70.3 2112785.3212 1534324.81418 0.807539375886
70.4 2110120.91924 1539098.87254 0.810052038177
70.5 2107456.93807 1543872.1769 0.812564303631
70.6 2104793.48288 1548644.53883 0.815076073068
70.7 2102130.65881 1553415.76992 0.817587247327
70.8 2099468.57098 1558185.68182 0.820097727272
70.9 2096807.32449 1562954.08621 0.822607413793
71.0 2094147.0244 1567720.79484 0.825116207812
71.1 2091487.77573 1572485.61954 0.827624010286
71.2 2088829.68347 1577248.3722 0.830130722211
71.3 2086172.85256 1582008.86479 0.832636244627
71.4 2083517.38788 1586766.90938 0.83514047862
71.5 2080863.39426 1591522.31812 0.837643325327
71.6 2078210.97648 1596274.90329 0.84014468594
71.7 2075560.23925 1601024.47725 0.84264446171
71.8 2072911.28722 1605770.8525 0.845142553949
71.9 2070264.22496 1610513.84167 0.847638864038
72.0 2067619.15698 1615253.25751 0.850133293426
72.1 2064976.1877 1619988.91291 0.852625743637
72.2 2062335.42146 1624720.62092 0.855116116274
72.3 2059696.96252 1629448.19474 0.857604313021
72.4 2057060.91502 1634171.44773 0.860090235648
72.5 2054427.38305 1638890.19343 0.862573786016
72.6 2051796.47056 1643604.24555 0.865054866078
72.7 2049168.28142 1648313.41798 0.867533377885
72.8 2046542.9194 1653017.52482 0.87000922359
72.9 2043920.48812 1657716.38036 0.872482305451
73.0 2041301.09113 1662409.79909 0.874952525834
73.1 2038684.83183 1667097.59572 0.87741978722
73.2 2036071.8135 1671779.58519 0.879883992206
73.3 2033462.13931 1676455.58267 0.882345043508
73.4 2030855.91228 1681125.40354 0.884802843969
73.5 2028253.2353 1685788.86346 0.887257296559
73.6 2025654.21112 1690445.77832 0.88970830438
73.7 2023058.94234 1695095.96427 0.892155770671
73.8 2020467.53142 1699739.23774 0.894599598809
73.9 2017880.08066 1704375.4154 0.897039692318
74.0 2015296.69222 1709004.31425 0.899475954866
74.1 2012717.46808 1713625.75152 0.901908290273
74.2 2010142.51006 1718239.54478 0.904336602516
74.3 2007571.91982 1722845.51188 0.906760795728
74.4 2005005.79884 1727443.47099 0.909180774207
74.5 2002444.24843 1732033.24059 0.911596442416
74.6 1999887.36971 1736614.63948 0.914007704988
74.7 1997335.26362 1741187.48679 0.916414466731
74.8 1994788.03092 1745751.602 0.918816632631
74.9 1992245.77217 1750306.80492 0.921214107853
75.0 1989708.58773 1754852.91572 0.92360679775
75.1 1987176.57777 1759389.75494 0.925994607862
75.2 1984649.84224 1763917.14345 0.928377443923
75.3 1982128.48089 1768434.90254 0.930755211862
75.4 1979612.59327 1772942.85384 0.933127817809
75.5 1977102.2787 1777440.81939 0.935495168098
75.6 1974597.63628 1781928.62161 0.93785716927
75.7 1972098.76488 1786406.08335 0.940213728077
75.8 1969605.76317 1790873.02782 0.942564751485
75.9 1967118.72956 1795329.2787 0.944910146682
76.0 1964637.76223 1799774.66004 0.947249821074
76.1 1962162.95913 1804208.99636 0.949583682295
76.2 1959694.41796 1808632.1126 0.951911638209
76.3 1957232.23617 1813043.83413 0.954233596911
76.4 1954776.51097 1817443.9868 0.956549466735
76.5 1952327.3393 1821832.39688 0.958859156254
76.6 1949884.81785 1826208.89114 0.961162574285
76.7 1947449.04306 1830573.2968 0.963459629895
76.8 1945020.11107 1834925.44155 0.965750232397
76.9 1942598.11778 1839265.15359 0.968034291365
77.0 1940183.15881 1843592.26159 0.970311716626
77.1 1937775.32949 1847906.59472 0.972582418272
77.2 1935374.72488 1852207.98265 0.97484630666
77.3 1932981.43976 1856496.25559 0.977103292416
77.4 1930595.5686 1860771.24423 0.979353286436
77.5 1928217.20559 1865032.7798 0.981596199896
77.6 1925846.44464 1869280.69407 0.983831944249
77.7 1923483.37933 1873514.81934 0.986060431231
77.8 1921128.10295 1877734.98845 0.988281572866
77.9 1918780.70849 1881941.03479 0.990495281467
78.0 1916441.28861 1886132.79232 0.992701469641
78.1 1914109.93567 1890310.09555 0.99490005029
78.2 1911786.74172 1894472.77958 0.997090936619
78.3 1909471.79846 1898620.68006 0.999274042136
78.4 1907165.19729 1902753.63324 1.00144928065
78.5 1904867.02926 1906871.47597 1.0036165663
78.6 1902577.38511 1910974.04567 1.00577581351
78.7 1900296.35522 1915061.18039 1.00792693705
78.8 1898024.02965 1919132.71877 1.01006985198
78.9 1895760.49811 1923188.50007 1.01220447372
79.0 1893505.84995 1927228.36418 1.01433071799
79.1 1891260.17418 1931252.15162 1.01644850085
79.2 1889023.55947 1935259.70352 1.01855773869
79.3 1886796.0941 1939250.86168 1.02065834825
79.4 1884577.86601 1943225.46853 1.0227502466
79.5 1882368.96278 1947183.36717 1.02483335114
79.6 1880169.47161 1951124.40134 1.02690757965
79.7 1877979.47934 1955048.41545 1.02897285024
79.8 1875799.07241 1958955.2546 1.03102908137
79.9 1873628.33691 1962844.76455 1.03307619187
80.0 1871467.35853 1966716.79174 1.03511410092
80.1 1869316.22259 1970571.18332 1.03714272806
80.2 1867175.01401 1974407.78712 1.03916199322
80.3 1865043.81732 1978226.45168 1.04117181668
80.4 1862922.71665 1982027.02625 1.04317211908
80.5 1860811.79575 1985809.36078 1.04516282146
80.6 1858711.13795 1989573.30595 1.04714384524
80.7 1856620.82618 1993318.71317 1.0491151122
80.8 1854540.94296 1997045.43458 1.05107654452
80.9 1852471.5704 2000753.32305 1.05302806477
81.0 1850412.7902 2004442.23221 1.0549695959
81.1 1848364.68364 2008112.01641 1.05690106127
81.2 1846327.33156 2011762.53079 1.05882238463
81.3 1844300.81441 2015393.63123 1.06073349012
81.4 1842285.21218 2019005.17437 1.0626343023
81.5 1840280.60445 2022597.01765 1.06452474613
81.6 1838287.07036 2026169.01925 1.06640474697
81.7 1836304.6886 2029721.03817 1.06827423061
81.8 1834333.53744 2033252.93417 1.07013312325
81.9 1832373.69469 2036764.56783 1.07198135149
82.0 1830425.23774 2040255.80051 1.07381884237
82.1 1828488.24349 2043726.49437 1.07564552335
82.2 1826562.78842 2047176.51242 1.07746132233
82.3 1824648.94854 2050605.71844 1.0792661676
82.4 1822746.79941 2054013.97705 1.08105998792
82.5 1820856.41612 2057401.1537 1.08284271247
82.6 1818977.8733 2060767.11468 1.08461427088
82.7 1817111.24511 2064111.7271 1.08637459321
82.8 1815256.60524 2067434.85891 1.08812360996
82.9 1813414.02691 2070736.37894 1.08986125207
83.0 1811583.58287 2074016.15684 1.09158745097
83.1 1809765.34537 2077274.06313 1.09330213849
83.2 1807959.38619 2080509.96919 1.09500524694
83.3 1806165.77664 2083723.74728 1.0966967091
83.4 1804384.58752 2086915.27052 1.09837645817
83.5 1802615.88915 2090084.41292 1.10004442785
83.6 1800859.75135 2093231.04936 1.10170055229
83.7 1799116.24346 2096355.05562 1.10334476612
83.8 1797385.4343 2099456.30837 1.1049770044
83.9 1795667.3922 2102534.68518 1.10659720272
84.0 1793962.185 2105590.06451 1.10820529711
84.1 1792269.88 2108622.32575 1.10980122408
84.2 1790590.54402 2111631.34919 1.11138492063
84.3 1788924.24335 2114617.01604 1.11295632423
84.4 1787271.04378 2117579.20842 1.11451537285
84.5 1785631.01057 2120517.80941 1.11606200495
84.6 1784004.20847 2123432.70297 1.11759615946
84.7 1782390.7017 2126323.77405 1.11911777582
84.8 1780790.55397 2129190.9085 1.12062679395
84.9 1779203.82843 2132033.99314 1.12212315428
85.0 1777630.58773 2134852.91572 1.12360679775
85.1 1776070.89399 2137647.56497 1.12507766577
85.2 1774524.80877 2140417.83055 1.12653570029
85.3 1772992.39312 2143163.60309 1.12798084373
85.4 1771473.70752 2145884.7742 1.12941303905
85.5 1769968.81194 2148581.23645 1.13083222971
85.6 1768477.76578 2151252.88339 1.13223835968
85.7 1767000.62791 2153899.60955 1.13363137345
85.8 1765537.45665 2156521.31043 1.13501121602
85.9 1764088.30975 2159117.88255 1.13637783292
86.0 1762653.24443 2161689.22338 1.1377311702
86.1 1761232.31734 2164235.23142 1.13907117443
86.2 1759825.58458 2166755.80616 1.14039779272
86.3 1758433.10168 2169250.84809 1.14171097268
86.4 1757054.92362 2171720.25871 1.14301066248
86.5 1755691.10479 2174163.94052 1.1442968108
86.6 1754341.69906 2176581.79707 1.14556936688
86.7 1753006.75968 2178973.73289 1.14682828047
86.8 1751686.33935 2181339.65355 1.14807350187
86.9 1750380.49022 2183679.46566 1.14930498192
87.0 1749089.26382 2185993.07683 1.15052267202
87.1 1747812.71113 2188280.39574 1.15172652408
87.2 1746550.88256 2190541.33209 1.15291649057
87.3 1745303.82791 2192775.79661 1.15409252453
87.4 1744071.59642 2194983.7011 1.15525457953
87.5 1742854.23673 2197164.95838 1.15640260968
87.6 1741651.7969 2199319.48235 1.15753656966
87.7 1740464.3244 2201447.18796 1.15865641471
87.8 1739291.86612 2203547.99119 1.15976210063
87.9 1738134.46833 2205621.80912 1.16085358375
88.0 1736992.17673 2207668.55987 1.16193082099
88.1 1735865.03642 2209688.16265 1.16299376982
88.2 1734753.0919 2211680.53772 1.16404238827
88.3 1733656.38705 2213645.60643 1.16507663496
88.4 1732574.96519 2215583.29119 1.16609646905
88.5 1731508.86899 2217493.51552 1.16710185027
88.6 1730458.14055 2219376.204 1.16809273895
88.7 1729422.82135 2221231.2823 1.16906909595
88.8 1728402.95226 2223058.67719 1.17003088273
88.9 1727398.57354 2224858.31653 1.17097806133
89.0 1726409.72485 2226630.12928 1.17191059436
89.1 1725436.44522 2228374.04547 1.17282844498
89.2 1724478.77308 2230089.99627 1.17373157698
89.3 1723536.74624 2231777.91393 1.1746199547
89.4 1722610.40187 2233437.73182 1.17549354306
89.5 1721699.77656 2235069.38441 1.17635230758
89.6 1720804.90626 2236672.80728 1.17719621436
89.7 1719925.82628 2238247.93714 1.17802523007
89.8 1719062.57135 2239794.7118 1.178839322
89.9 1718215.17553 2241313.07019 1.179638458
90.0 1717383.67227 2242802.95238 1.18042260652
90.1 1716568.09442 2244264.29955 1.18119173661
90.2 1715768.47416 2245697.05401 1.1819458179
90.3 1714984.84306 2247101.15918 1.18268482062
90.4 1714217.23206 2248476.55965 1.18340871561
90.5 1713465.67146 2249823.20111 1.18411747427
90.6 1712730.19093 2251141.03041 1.18481106863
90.7 1712010.81951 2252429.9955 1.18548947132
90.8 1711307.5856 2253690.04551 1.18615265553
90.9 1710620.51696 2254921.1307 1.1868005951
91.0 1709949.64071 2256123.20246 1.18743326445
91.1 1709294.98334 2257296.21333 1.1880506386
91.2 1708656.57069 2258440.11702 1.18865269317
91.3 1708034.42798 2259554.86835 1.18923940439
91.4 1707428.57975 2260640.42332 1.18981074911
91.5 1706839.04992 2261696.73907 1.19036670478
91.6 1706265.86178 2262723.77391 1.19090724943
91.7 1705709.03794 2263721.48729 1.19143236173
91.8 1705168.6004 2264689.83981 1.19194202095
91.9 1704644.57048 2265628.79326 1.19243620698
92.0 1704136.96888 2266538.31055 1.19291490029
92.1 1703645.81563 2267418.3558 1.193378082
92.2 1703171.13012 2268268.89424 1.19382573381
92.3 1702712.9311 2269089.89231 1.19425783806
92.4 1702271.23665 2269881.3176 1.19467437768
92.5 1701846.06421 2270643.13885 1.19507533624
92.6 1701437.43056 2271375.326 1.1954606979
92.7 1701045.35184 2272077.85014 1.19583044744
92.8 1700669.84352 2272750.68353 1.19618457028
92.9 1700310.92044 2273393.79961 1.19652305243
93.0 1699968.59675 2274007.173 1.19684588053
93.1 1699642.88598 2274590.77947 1.19715304183
93.2 1699333.80098 2275144.596 1.19744452421
93.3 1699041.35395 2275668.6007 1.19772031616
93.4 1698765.55644 2276162.77291 1.19798040679
93.5 1698506.41934 2276627.0931 1.19822478584
93.6 1698263.95288 2277061.54295 1.19845344366
93.7 1698038.16663 2277466.10531 1.19866637121
93.8 1697829.0695 2277840.7642 1.1988635601
93.9 1697636.66975 2278185.50483 1.19904500254
94.0 1697460.97498 2278500.31361 1.19921069137
94.1 1697301.99211 2278785.17808 1.19936062004
94.2 1697159.72743 2279040.08702 1.19949478264
94.3 1697034.18656 2279265.03036 1.19961317387
94.4 1696925.37444 2279459.99921 1.19971578906
94.5 1696833.29538 2279624.98588 1.19980262415
94.6 1696757.95301 2279759.98386 1.19987367571
94.7 1696699.3503 2279864.98781 1.19992894095
94.8 1696657.48957 2279939.99359 1.19996841768
94.9 1696632.37248 2279984.99825 1.19999210434
95.0 1696624.0 2280000.0 1.2
95.1 1696632.37248 2279984.99825 1.19999210434
95.2 1696657.48957 2279939.99359 1.19996841768
95.3 1696699.3503 2279864.98781 1.19992894095
95.4 1696757.95301 2279759.98386 1.19987367571
95.5 1696833.29538 2279624.98588 1.19980262415
95.6 1696925.37444 2279459.99921 1.19971578906
95.7 1697034.18656 2279265.03036 1.19961317387
95.8 1697159.72743 2279040.08702 1.19949478264
95.9 1697301.99211 2278785.17808 1.19936062004
96.0 1697460.97498 2278500.31361 1.19921069137
96.1 1697636.66975 2278185.50483 1.19904500254
96.2 1697829.0695 2277840.7642 1.1988635601
96.3 1698038.16663 2277466.10531 1.19866637121
96.4 1698263.95288 2277061.54295 1.19845344366
96.5 1698506.41934 2276627.0931 1.19822478584
96.6 1698765.55644 2276162.77291 1.19798040679
96.7 1699041.35395 2275668.6007 1.19772031616
96.8 1699333.80098 2275144.596 1.19744452421
96.9 1699642.88598 2274590.77947 1.19715304183
97.0 1699968.59675 2274007.173 1.19684588053
97.1 1700310.92044 2273393.79961 1.19652305243
97.2 1700669.84352 2272750.68353 1.19618457028
97.3 1701045.35184 2272077.85014 1.19583044744
97.4 1701437.43056 2271375.326 1.1954606979
97.5 1701846.06421 2270643.13885 1.19507533624
97.6 1702271.23665 2269881.3176 1.19467437768
97.7 1702712.9311 2269089.89231 1.19425783806
97.8 1703171.13012 2268268.89424 1.19382573381
97.9 1703645.81563 2267418.3558 1.193378082
98.0 1704136.96888 2266538.31055 1.19291490029
98.1 1704644.57048 2265628.79326 1.19243620698
98.2 1705168.6004 2264689.83981 1.19194202095
98.3 1705709.03794 2263721.48729 1.19143236173
98.4 1706265.86178 2262723.77391 1.19090724943
98.5 1706839.04992 2261696.73907 1.19036670478
98.6 1707428.57975 2260640.42332 1.18981074911
98.7 1708034.42798 2259554.86835 1.18923940439
98.8 1708656.57069 2258440.11702 1.18865269317
98.9 1709294.98334 2257296.21333 1.1880506386
99.0 1709949.64071 2256123.20246 1.18743326445
99.1 1710620.51696 2254921.1307 1.1868005951
99.2 1711307.5856 2253690.04551 1.18615265553
99.3 1712010.81951 2252429.9955 1.18548947132
99.4 1712730.19093 2251141.03041 1.18481106863
99.5 1713465.67146 2249823.20111 1.18411747427
99.6 1714217.23206 2248476.55965 1.18340871561
99.7 1714984.84306 2247101.15918 1.18268482062
99.8 1715768.47416 2245697.05401 1.1819458179
99.9 1716568.09442 2244264.29955 1.18119173661
100.0 1717383.67227 2242802.95238 1.18042260652
